% Intrinsic and Extrinsic Camera Parameters
%
% This script file can be directly executed under Matlab to recover the camera intrinsic and extrinsic parameters.
% IMPORTANT: This file contains neither the structure of the calibration objects nor the image coordinates of the calibration points.
%            All those complementary variables are saved in the complete matlab data file Calib_Results.mat.
% For more information regarding the calibration model visit http://www.vision.caltech.edu/bouguetj/calib_doc/


%-- Focal length:
fc = [ 1375.316217464828242 ; 1375.668726332292181 ];

%-- Principal point:
cc = [ 972.875916046759016 ; 549.245717504278332 ];

%-- Skew coefficient:
alpha_c = 0.000000000000000;

%-- Distortion coefficients:
kc = [ 0.065186338967535 ; -0.053748748682308 ; -0.000000000000000 ; -0.000000000000000 ; 0.000000000000000 ];

%-- Focal length uncertainty:
fc_error = [ 13.909502868684353 ; 14.461456915312445 ];

%-- Principal point uncertainty:
cc_error = [ 5.797879712875256 ; 2.614091121497453 ];

%-- Skew coefficient uncertainty:
alpha_c_error = 0.000000000000000;

%-- Distortion coefficients uncertainty:
kc_error = [ 0.012140434515929 ; 0.074760104660867 ; 0.000000000000000 ; 0.000000000000000 ; 0.000000000000000 ];

%-- Image size:
nx = 1920;
ny = 1080;


%-- Various other variables (may be ignored if you do not use the Matlab Calibration Toolbox):
%-- Those variables are used to control which intrinsic parameters should be optimized

n_ima = 30;						% Number of calibration images
est_fc = [ 1 ; 1 ];					% Estimation indicator of the two focal variables
est_aspect_ratio = 1;				% Estimation indicator of the aspect ratio fc(2)/fc(1)
center_optim = 1;					% Estimation indicator of the principal point
est_alpha = 0;						% Estimation indicator of the skew coefficient
est_dist = [ 1 ; 1 ; 0 ; 0 ; 0 ];	% Estimation indicator of the distortion coefficients


%-- Extrinsic parameters:
%-- The rotation (omc_kk) and the translation (Tc_kk) vectors for every calibration image and their uncertainties

%-- Image #1:
omc_1 = [ 2.167974e+00 ; 2.115202e+00 ; 1.696523e-01 ];
Tc_1  = [ -6.470825e+01 ; -3.435243e+01 ; 4.635267e+02 ];
omc_error_1 = [ 3.651773e-03 ; 3.307954e-03 ; 7.544616e-03 ];
Tc_error_1  = [ 1.995957e+00 ; 8.930138e-01 ; 4.953110e+00 ];

%-- Image #2:
omc_2 = [ 2.382732e+00 ; 1.840476e+00 ; 2.124036e-01 ];
Tc_2  = [ -7.422420e+01 ; -3.430485e+01 ; 4.398603e+02 ];
omc_error_2 = [ 3.445357e-03 ; 2.648892e-03 ; 6.981246e-03 ];
Tc_error_2  = [ 1.902885e+00 ; 8.454487e-01 ; 4.714245e+00 ];

%-- Image #3:
omc_3 = [ -2.247356e+00 ; -2.006293e+00 ; -3.881322e-01 ];
Tc_3  = [ -6.529061e+01 ; -2.276391e+01 ; 4.226389e+02 ];
omc_error_3 = [ 2.879213e-03 ; 2.648809e-03 ; 6.824515e-03 ];
Tc_error_3  = [ 1.807357e+00 ; 8.185077e-01 ; 4.305723e+00 ];

%-- Image #4:
omc_4 = [ 2.539151e+00 ; 1.626830e+00 ; 3.472098e-01 ];
Tc_4  = [ -7.252428e+01 ; -4.170243e+01 ; 4.537087e+02 ];
omc_error_4 = [ 3.427564e-03 ; 2.272650e-03 ; 6.894710e-03 ];
Tc_error_4  = [ 1.964239e+00 ; 8.752934e-01 ; 4.908100e+00 ];

%-- Image #5:
omc_5 = [ -2.192319e+00 ; -1.913954e+00 ; -4.554055e-01 ];
Tc_5  = [ -8.978805e+01 ; -1.841449e+00 ; 3.771278e+02 ];
omc_error_5 = [ 2.576340e-03 ; 2.066670e-03 ; 6.015239e-03 ];
Tc_error_5  = [ 1.602881e+00 ; 7.308250e-01 ; 3.828329e+00 ];

%-- Image #6:
omc_6 = [ -2.579937e+00 ; -1.642123e+00 ; -3.854487e-01 ];
Tc_6  = [ -1.023904e+02 ; -3.779506e+01 ; 3.910253e+02 ];
omc_error_6 = [ 3.549805e-03 ; 2.312438e-03 ; 7.150236e-03 ];
Tc_error_6  = [ 1.697410e+00 ; 7.590650e-01 ; 4.109616e+00 ];

%-- Image #7:
omc_7 = [ 2.120582e+00 ; 1.931319e+00 ; 6.083570e-01 ];
Tc_7  = [ -1.089210e+02 ; -3.410291e+01 ; 4.834390e+02 ];
omc_error_7 = [ 3.311095e-03 ; 2.911943e-03 ; 6.953039e-03 ];
Tc_error_7  = [ 2.121564e+00 ; 9.244533e-01 ; 5.314791e+00 ];

%-- Image #8:
omc_8 = [ 2.457035e+00 ; 1.597049e+00 ; 7.917132e-01 ];
Tc_8  = [ -7.359786e+01 ; -6.541494e+01 ; 4.827729e+02 ];
omc_error_8 = [ 3.616545e-03 ; 2.134470e-03 ; 6.616881e-03 ];
Tc_error_8  = [ 2.076977e+00 ; 9.491383e-01 ; 5.367092e+00 ];

%-- Image #9:
omc_9 = [ -2.276376e+00 ; -1.853480e+00 ; -8.046521e-01 ];
Tc_9  = [ -5.260511e+01 ; -2.693530e+01 ; 4.319770e+02 ];
omc_error_9 = [ 2.707799e-03 ; 2.303272e-03 ; 6.929646e-03 ];
Tc_error_9  = [ 1.832896e+00 ; 8.331580e-01 ; 4.602973e+00 ];

%-- Image #10:
omc_10 = [ 2.531643e+00 ; 1.454949e+00 ; 8.434278e-01 ];
Tc_10  = [ -8.350755e+01 ; -5.047733e+01 ; 4.389269e+02 ];
omc_error_10 = [ 3.539730e-03 ; 1.840988e-03 ; 6.317517e-03 ];
Tc_error_10  = [ 1.900781e+00 ; 8.651188e-01 ; 4.932983e+00 ];

%-- Image #11:
omc_11 = [ -2.329490e+00 ; -1.810337e+00 ; -9.937836e-01 ];
Tc_11  = [ -3.811985e+01 ; -2.799337e+01 ; 4.026133e+02 ];
omc_error_11 = [ 2.587446e-03 ; 2.224902e-03 ; 6.884647e-03 ];
Tc_error_11  = [ 1.699575e+00 ; 7.789372e-01 ; 4.448422e+00 ];

%-- Image #12:
omc_12 = [ 2.322223e+00 ; 1.916539e+00 ; 9.497998e-02 ];
Tc_12  = [ -4.560308e+01 ; -3.769649e+01 ; 4.059901e+02 ];
omc_error_12 = [ 2.993577e-03 ; 2.368911e-03 ; 6.042291e-03 ];
Tc_error_12  = [ 1.727531e+00 ; 7.754395e-01 ; 4.310202e+00 ];

%-- Image #13:
omc_13 = [ -2.280816e+00 ; -2.126753e+00 ; -2.192817e-01 ];
Tc_13  = [ -5.641572e+01 ; -8.894531e+00 ; 4.984651e+02 ];
omc_error_13 = [ 3.546949e-03 ; 3.853537e-03 ; 8.058703e-03 ];
Tc_error_13  = [ 2.131475e+00 ; 9.644313e-01 ; 5.197291e+00 ];

%-- Image #14:
omc_14 = [ -2.251159e+00 ; -2.120288e+00 ; -1.845617e-01 ];
Tc_14  = [ -6.424604e+01 ; -1.229276e+01 ; 3.740313e+02 ];
omc_error_14 = [ 2.510245e-03 ; 2.710040e-03 ; 6.137845e-03 ];
Tc_error_14  = [ 1.602567e+00 ; 7.259028e-01 ; 3.849534e+00 ];

%-- Image #15:
omc_15 = [ 2.242080e+00 ; 2.098866e+00 ; 2.366484e-01 ];
Tc_15  = [ -6.751003e+01 ; -4.996956e+00 ; 4.370385e+02 ];
omc_error_15 = [ 3.235741e-03 ; 2.577788e-03 ; 6.704238e-03 ];
Tc_error_15  = [ 1.884728e+00 ; 8.492904e-01 ; 4.635807e+00 ];

%-- Image #16:
omc_16 = [ 2.267417e+00 ; 2.081213e+00 ; 2.350607e-01 ];
Tc_16  = [ -7.553043e+01 ; -1.364968e+01 ; 4.255724e+02 ];
omc_error_16 = [ 3.237189e-03 ; 2.616913e-03 ; 6.775315e-03 ];
Tc_error_16  = [ 1.840107e+00 ; 8.257679e-01 ; 4.517130e+00 ];

%-- Image #17:
omc_17 = [ -2.312520e+00 ; -1.993827e+00 ; -4.587176e-01 ];
Tc_17  = [ -8.593656e+01 ; -4.333928e+01 ; 4.503022e+02 ];
omc_error_17 = [ 3.334658e-03 ; 2.900049e-03 ; 7.693373e-03 ];
Tc_error_17  = [ 1.935967e+00 ; 8.712715e-01 ; 4.711523e+00 ];

%-- Image #18:
omc_18 = [ -2.164647e+00 ; -2.200321e+00 ; -5.136164e-01 ];
Tc_18  = [ -3.939686e+01 ; -6.219981e+01 ; 4.517583e+02 ];
omc_error_18 = [ 2.800726e-03 ; 2.853314e-03 ; 7.369096e-03 ];
Tc_error_18  = [ 1.927137e+00 ; 8.756867e-01 ; 4.727403e+00 ];

%-- Image #19:
omc_19 = [ 1.771861e+00 ; 2.497312e+00 ; 2.153628e-01 ];
Tc_19  = [ -6.096753e+01 ; -7.094593e+01 ; 4.930295e+02 ];
omc_error_19 = [ 3.577151e-03 ; 4.819519e-03 ; 8.930131e-03 ];
Tc_error_19  = [ 2.122718e+00 ; 9.520634e-01 ; 5.245971e+00 ];

%-- Image #20:
omc_20 = [ 1.244907e+00 ; 2.607013e+00 ; 1.581166e-01 ];
Tc_20  = [ -5.623843e+01 ; -8.302960e+01 ; 4.700510e+02 ];
omc_error_20 = [ 2.472961e-03 ; 5.141795e-03 ; 7.056437e-03 ];
Tc_error_20  = [ 2.028560e+00 ; 8.908478e-01 ; 4.974640e+00 ];

%-- Image #21:
omc_21 = [ -1.826416e+00 ; -2.477913e+00 ; -5.753639e-01 ];
Tc_21  = [ -6.671532e+01 ; -1.125071e+02 ; 4.273168e+02 ];
omc_error_21 = [ 2.988928e-03 ; 3.391213e-03 ; 8.048596e-03 ];
Tc_error_21  = [ 1.825729e+00 ; 8.380959e-01 ; 4.541647e+00 ];

%-- Image #22:
omc_22 = [ 2.153005e+00 ; 2.166293e+00 ; 5.441922e-01 ];
Tc_22  = [ -8.428908e+01 ; -9.607040e+01 ; 4.136080e+02 ];
omc_error_22 = [ 2.969956e-03 ; 2.933066e-03 ; 7.656731e-03 ];
Tc_error_22  = [ 1.786605e+00 ; 8.073827e-01 ; 4.425269e+00 ];

%-- Image #23:
omc_23 = [ -6.405291e-02 ; 2.841935e+00 ; -1.706046e-02 ];
Tc_23  = [ 1.712921e+01 ; -1.476333e+02 ; 4.908084e+02 ];
omc_error_23 = [ 1.137088e-03 ; 5.670746e-03 ; 6.583989e-03 ];
Tc_error_23  = [ 2.051178e+00 ; 9.059459e-01 ; 5.130050e+00 ];

%-- Image #24:
